4.93146801578658,4.93146801578658,348.931468015787,4,0  344->387 348
27.9870184146541,27.9870184146541,305.987018414654,4,0  278->305 305
                                                                    30.8702872060817,30.8702872060817,228.870287206082,4,0
34.4658692214798,34.4658692214798,378.46586922148,4,0   344->387 378
51.8362763950649,51.8362763950649,190.836276395065,4,0  139->165
                                                                    150.364927692072,150.364927692072,428.364927692072,4,0
164.963424491606,164.963424491606,362.963424491606,4,0  198->229

233.048212868095,233.048212868095,548.048212868095,4,0  314->345

337.108628373568,337.108628373568,535.108628373568,4,0
504.275178296619,504.275178296619,702.275178296619,4,0
551.334589951115,551.334589951115,749.334589951115,4,0
602.592889903683,602.592889903683,669.592889903683,4,0
605.97402412864,605.97402412864,744.97402412864,4,0
636.003353029099,636.003353029099,951.003353029099,4,0
836.402302441841,836.402302441841,1114.40230244184,4,0
881.192635598121,881.192635598121,948.192635598121,4,0
