20.533334322774,20.533334322774,59.533334322774,2,0       39->71
83.5248054058981,83.5248054058981,326.524805405898,2,0
140.312074631737,140.312074631737,210.312074631737,2,0    70->120
205.559902905087,205.559902905087,377.559902905087,3,0




232.320233199016,232.320233199016,302.320233199016,4,0    70->120


453.864381880261,453.864381880261,625.864381880261,2,0

579.669013910843,579.669013910843,618.669013910843,2,0    39->71

682.570532411518,682.570532411518,878.570532411518,2,0
890.278034601886,890.278034601886,960.278034601886,2,0
